ID,hsa_circ_0016600,hsa_circ_0016601,hsa_circ_0003500,hsa_circ_0073762,hsa_circ_0005598,hsa_circ_0073762.1,hsa_circ_0001944,hsa_circ_0078607,hsa_circ_0000778,hsa_circ_0006618,hsa_circ_0001064,hsa_circ_0067582,hsa_circ_0004270,hsa_circ_0008336,hsa_circ_0004689,hsa_circ_0008039,hsa_circ_0079480,hsa_circ_0087391,circRNA13453,circRNA13452,hsa_circ_0025967,Sex,Age,OSstatus,DFSstatus,OS,DFS,LeftOrRight,LymStatus,NI,VI,Stage,ID,pN,Ntotal,grade,T_stage,stage_risk,riskscore,riskscoreStatus
181404,2.757712417,3.677712314,1.727711385,2.357712452,-1.04228743,2.357712452,3.767711996,0.177713728,4.83771219,1.26770957,1.387709937,-1.272286873,-0.87228749,-1.41228938,0.277711055,0.477708409,1.727711385,1.58771062,4.707712515,4.147712094,1.407711681,Female,63,1,1,43,41,Left,1,1,0,3,181404,1,4,2,4,31,0.807495585,High
208198,1.727711385,3.267712566,0.767714115,2.097711917,-0.07228707,2.1077113,-2.672285047,1.26770957,3.287713118,1.217714636,-0.642288111,-0.182288342,-0.782287845,-0.062288012,-0.792287028,2.85771233,2.687712442,1.677711186,4.437712463,3.467712485,0.047705891,Male,81,1,1,10,8,Left,2,0,1,3,208198,2,20,2,4,31,-0.104100076,Low
257950,3.487712717,5.037712546,0.097718658,1.757710284,-0.762287003,1.927710654,-1.712286586,0.917714347,2.877712844,0.637712249,-0.942287727,-1.852286929,-1.682288422,-0.932286948,-0.382287766,-0.362287751,1.347711006,1.337711092,4.047711997,2.937711611,0.267715562,Male,59,0,0,43,43,Left,8,0,1,3,257950,8,13,2,2,31,0.353847408,High
173502,-0.87228749,-0.352287624,0.697711556,0.947711036,-1.04228743,0.947711036,-1.192288982,-4.472287453,2.147713722,0.737712717,-0.682288422,-3.542286789,-2.002287041,-2.592283969,-2.122290297,0.517709067,-0.752288755,0.947711036,3.427712092,2.217711534,1.057713659,Male,72,0,0,116,116,Left,2,0,0,3,173502,2,13,2,4,31,-1.103538664,Low
189226,1.04771287,2.77771217,-0.332287684,1.727711385,-1.122287156,1.727711385,1.657713167,-0.882286342,2.617712234,0.01770816,-1.952288526,-1.052287468,-1.712286586,-1.142286475,-2.362284042,0.177713728,0.487712717,0.767714115,4.187712331,3.157713146,-0.152286851,Female,53,0,0,89,89,Left,1,0,0,3,189226,1,8,2,3,30,-0.255245672,Low
192300,2.467712485,4.07771214,0.427713432,2.197711303,-0.112287581,2.197711303,1.80771349,0.467707269,1.987713779,-0.112287581,-0.482286903,-3.012286221,-1.672289645,-2.822288823,-0.472287052,0.847716355,0.627709551,1.537713531,2.77771217,2.887712419,0.187717081,Female,77,0,0,97,97,Left,0,0,0,2,192300,0,15,2,4,21,-0.259594942,Low
232436,-2.832292682,-0.092287879,-1.292287927,0.367717718,-0.592288319,0.41771482,1.907713659,-0.212288385,2.737712717,0.047705891,-2.162285993,-2.54229015,-1.482286903,-2.682288422,-2.182288342,1.337711092,-0.362287751,0.737712717,1.567710929,0.517709067,-0.08228718,Male,75,0,0,63,63,Right,1,0,0,3,232436,1,22,2,3,30,-2.180819202,Low
255920,3.677712314,5.627712468,2.737712717,3.327711792,0.177713728,3.297712336,3.947711971,0.01770816,4.047711997,1.067714429,0.337711092,-0.70228737,0.137713355,-0.102287145,0.727711385,2.79771236,0.85771034,1.727711385,4.687712442,3.677712314,2.597712319,Male,66,0,0,47,47,Left,0,1,0,2,255920,0,6,2,3,21,-0.498233205,Low
195230,3.71771261,5.367712477,1.597712319,1.177713728,-0.622287629,0.627709551,3.727712474,-1.91228734,3.317712157,0.947711036,1.367712128,-1.87228749,-0.422288401,0.427713432,0.58771062,0.637712249,3.087712321,1.407711681,3.997712417,3.097711917,1.297713804,Male,63,1,1,83,66,Left,1,1,1,3,195230,1,17,2,3,30,0.581596821,High
196855,1.277711055,3.207711723,0.12771251,1.537713531,-1.602289023,1.537713531,-0.102287145,-0.642288111,2.927712551,1.74771393,-0.192287334,-0.942287727,-0.662286625,-0.362287751,-0.32228701,0.257710669,1.197714448,3.937712553,5.767712261,4.827712343,0.567710929,Male,66,1,1,52,46,Left,0,0,0,2,196855,0,4,2,4,21,2.081010303,High
171636,3.677712314,4.677712314,-0.162287608,1.58771062,-2.302290223,1.58771062,0.867714633,1.217714636,3.167712777,0.977712209,-0.382287766,-1.242287156,-0.682288422,-1.23228758,0.617712234,1.097711917,2.327713229,2.997711514,3.327711792,1.837713199,0.6677105,Male,41,1,1,49,49,Left,1,0,0,3,171636,1,9,2,3,30,0.298604718,High
178776,1.80771349,2.977712209,-0.062288012,-0.842288793,-3.042290401,-0.842288793,-1.032288362,-0.662286625,1.24771489,-1.442288976,-1.242287156,-1.832287544,-2.512291398,-2.182288342,-2.192288982,0.397715357,2.447711427,0.787708272,2.12771251,1.697711556,-1.192288982,Female,64,0,0,109,109,Left,2,1,0,3,178776,2,19,2,4,31,-0.429662817,Low
181716,4.957712199,4.977712209,0.617712234,0.08770723,-3.87228749,0.08770723,0.807709369,-1.242287156,-0.452287617,-1.482286903,-1.592288319,-2.362284042,-2.302290223,-2.602289023,-1.892285352,-0.062288012,1.577711599,1.557713964,3.98771196,2.98771196,-0.07228707,Male,33,0,0,106,106,Left,6,1,1,3,181716,6,29,3,3,31,0.424860075,High
196603,1.717710417,3.037712546,-0.182288342,2.04771287,-1.722286564,2.04771287,-1.50228852,-1.190064713,0.007712195,-0.22228783,-1.23228758,-4.412288612,-3.762287492,-2.322288814,-2.612284549,-1.292287927,-0.362287751,1.977712209,2.467712485,1.857714321,-0.432287124,Female,27,0,0,93,93,Left,0,0,0,2,196603,0,18,2,4,21,-0.004338426,High
208039,1.217714636,3.317712157,-1.122287156,1.697711556,-1.452289591,1.917710529,-1.222286147,-1.542285948,1.327710355,0.107714648,-1.622287629,-3.092290955,-0.862286645,-1.61228896,-0.552287516,0.367717718,-0.032286887,-0.552287516,3.727712474,2.727711385,0.147710467,Female,53,0,0,78,78,Right,0,0,0,2,208039,0,27,2,4,21,-1.257823172,Low
209416,1.437712463,3.267712566,-0.862286645,-0.302288444,-1.50228852,-1.152288455,0.077707868,-0.822288823,4.047711997,0.867714633,-2.152285248,-1.87228749,-0.262287283,1.007712195,0.637712249,-0.562288602,0.297707935,1.467712485,5.387712349,4.277712543,1.157709913,Male,71,1,1,33,6,Right,2,1,1,3,209416,2,10,2,4,31,0.797570858,High
216684,1.017715285,1.837713199,-1.722286564,-0.342286833,-2.192288982,-0.652286727,-1.512287283,-3.162285993,1.277711055,0.08770723,-2.222289513,-1.812287986,-0.642288111,-0.632286754,-0.052287468,-0.972288233,-0.04228743,0.927714447,3.627711885,2.727711385,1.287714596,Female,49,0,0,77,77,Left,0,1,0,2,216684,0,16,2,4,21,-0.09415312,Low
189573,1.257710669,2.147713722,-0.23228758,0.577711599,-2.592283969,0.577711599,-2.102285596,-3.922286663,3.58771182,0.627709551,0.267715562,-0.352287624,-0.722286564,-0.722286564,0.527710946,-0.352287624,3.187712331,2.927712551,3.71771261,3.267712566,0.907713659,Male,62,0,0,84,84,Left,0,0,0,2,189573,0,19,2,3,20,1.738128941,High
194947,2.787712451,3.80771246,-0.842288793,0.497709436,-1.322288814,0.497709436,0.927714447,0.007712195,2.727711385,0.167717593,0.177713728,-3.432287902,-1.702289717,-1.542285948,-1.272286873,1.647710534,1.787712451,1.26770957,3.71771261,2.707712515,-0.98228899,Male,59,1,1,90,90,Left,0,0,0,2,194947,0,12,2,4,21,-0.430125844,Low
204995,2.287711641,3.517712845,1.277711055,1.707710306,-0.70228737,2.387712694,2.71771261,-1.792287028,0.54771633,0.247708815,-0.96228886,-2.512291398,-0.89228803,-1.772288493,-0.952288526,2.287711641,-0.07228707,1.087714018,3.947711971,2.897712855,2.017711722,Male,47,0,0,71,71,Left,0,0,1,2,204995,0,6,2,4,21,-1.213454809,Low
214405,1.657713167,3.207711723,-0.342286833,1.007712195,-1.742289331,1.157709913,-1.452289591,-2.192288982,3.927712551,1.74771393,0.847716355,0.167717593,0.497709436,0.537713531,1.797714435,0.837709163,2.637712249,1.757710284,4.417712119,3.387712694,2.347711006,Male,60,0,0,79,79,Left,4,0,1,3,214405,4,13,2,4,31,0.659604499,High
248705,-0.352287624,0.217714636,0.77771217,1.767714115,-1.172288267,1.767714115,2.897712855,1.087714018,3.057711926,0.047705891,-1.402286728,-1.572286568,-1.822288823,-1.382287766,-1.752286325,-0.092287879,-0.122287156,1.297713804,3.077712995,2.177713728,0.887712419,Female,65,0,0,52,52,Left,0,0,0,2,248705,0,17,3,3,21,-0.548378466,Low
170528,-0.422288401,0.807709369,-0.172288267,0.077707868,-2.472289054,0.077707868,-1.022287791,0.687714681,3.207711723,1.77771217,-0.722286564,-0.96228886,-0.172288267,-0.822288823,0.817713295,-1.172288267,0.987713779,3.79771236,4.437712463,4.477712294,1.067714429,Male,77,1,1,45,42,Right,6,0,0,3,170528,6,9,4,3,31,2.349204724,High
171126,2.917712438,3.887712419,0.957714056,1.147710467,-1.382287766,1.147710467,-3.562288176,0.007712195,3.167712777,1.797714435,-0.22228783,-0.87228749,-0.932286948,-2.382287766,-1.002287041,1.767714115,1.137713355,3.12771251,3.867712657,3.097711917,0.917714347,Female,59,0,0,84,84,Left,0,1,0,3,171126,0,25,3,4,31,0.328512741,High
171870,0.687714681,1.847712347,0.567710929,1.157709913,-2.122290297,1.157709913,1.607711431,1.647710534,4.137712535,0.467707269,-0.252287789,-1.702289717,-0.22228783,-0.942287727,-0.572286568,1.507713467,0.287708686,1.957714056,3.707712515,2.66771277,1.007712195,Male,71,1,1,65,30,Left,12,1,0,3,171870,12,23,2,4,31,-0.531132333,Low
171969,3.367712128,4.447712088,1.207711723,1.487712717,-2.212286714,1.487712717,0.737712717,-0.352287624,2.637712249,0.767714115,0.397715357,-1.512287283,-1.152288455,-0.942287727,-0.302288444,1.26770957,1.74771393,2.147713722,3.917712438,2.787712451,1.77771217,Female,69,1,1,68,68,Left,1,0,0,3,171969,1,21,2,4,31,0.127702714,High
172596,2.477713589,3.017711722,0.837709163,2.027713182,-1.112287581,2.027713182,-1.582287341,-0.18128743,3.597712319,1.24771489,0.037705518,-1.162289222,0.45770985,-0.342286833,0.01770816,0.577711599,2.1077113,2.057713659,3.267712566,3.657712024,1.387709937,Male,31,1,1,28,28,Left,4,1,1,3,172596,4,43,3,3,31,0.860690174,High
186294,1.227710275,1.297713804,-0.022287791,1.907713659,-1.672289645,1.907713659,1.447711427,-0.012287676,1.707710306,0.027706106,-0.342286833,-1.562286472,-1.402286728,-1.012286221,-1.422288401,0.097718658,1.887712419,0.887712419,4.157712338,3.357712452,-0.282287829,Male,56,0,0,97,97,Left,0,0,0,2,186294,0,21,2,4,21,0.330355534,High
189787,1.427713432,2.167711171,-1.062288012,0.607711431,-1.362287751,0.607711431,-0.262287283,-0.622287629,3.697712668,-0.462288457,-0.492287548,-2.932284195,-1.942284955,-1.542285948,-2.14228966,-0.70228737,0.837709163,0.867714633,3.727712474,2.66771277,-0.802288068,Female,70,0,0,99,99,Left,3,0,0,3,189787,3,10,2,4,31,0.005346786,High
191213,-0.252287789,0.707710306,0.847716355,1.347711006,-1.192288982,1.347711006,-3.122290297,0.287708686,3.237712079,-0.762287003,-1.822288823,-2.172285016,-1.862286645,-2.28228432,-2.252287789,0.877712844,0.057706729,2.007712195,4.237712079,3.457712476,-0.07228707,Male,64,0,0,98,98,Left,1,0,0,3,191213,1,21,2,4,31,0.030469402,High
194387,2.387712694,3.267712566,0.247708815,1.317715051,-2.172285016,1.317715051,-1.752286325,-1.50228852,3.707712515,2.80771143,0.977712209,-0.542288049,0.707710306,0.277711055,1.41771482,0.037705518,3.227711815,2.477713589,5.237712462,4.227712585,2.257713685,Male,62,1,1,44,18,Left,0,1,0,2,194387,0,18,2,4,21,1.843875391,High
195024,1.077714704,2.327713229,0.54771633,0.837709163,-0.602286833,0.837709163,0.677711186,0.567710929,-0.002287041,0.347711006,0.167717593,-2.512291398,-0.592288319,-0.642288111,-0.862286645,-0.162287608,0.647710534,2.04771287,4.567712146,3.967712744,0.967714588,Male,83,1,1,47,47,Left,3,0,0,3,195024,3,15,2,4,31,0.857245525,High
195189,3.257712177,4.847712347,1.9677109,1.707710306,-1.972285403,1.707710306,0.517709067,-0.002287041,3.227711815,0.047705891,0.137713355,-1.842288793,-1.76228945,-0.282287829,-0.802288068,-0.742286918,-0.292287927,2.247711852,3.867712657,2.727711385,1.027713182,Female,51,0,0,94,94,Left,0,1,0,2,195189,0,18,2,4,21,0.322743417,High
212947,4.07771214,5.667712487,1.12771251,1.577711599,-0.512287283,1.26770957,0.677711186,0.58771062,3.277712543,-0.08228718,0.287708686,-2.392288569,-0.902286735,-2.172285016,-1.452289591,1.657713167,1.547711396,1.45770985,3.40771304,2.647712836,0.437707137,Male,43,0,1,74,60,Left,0,1,1,2,212947,0,11,2,4,21,-0.448567447,Low
215472,-0.822288823,0.537713531,-0.04228743,0.337711092,-1.262289014,0.687714681,0.23771055,-2.032288362,1.427713432,1.177713728,-0.392286676,-1.672289645,-1.542285948,-0.752288755,0.107714648,0.617712234,1.307714121,1.497714545,3.377712371,2.157713146,0.927714447,Female,71,0,0,71,71,Left,0,0,0,2,215472,0,10,4,4,21,-0.325280155,Low
218556,3.867712657,5.987712414,0.337711092,2.267712566,-0.23228758,1.977712209,-0.932286948,-2.23228758,2.477713589,0.317709263,-1.802285552,-1.772288493,-0.282287829,-0.822288823,-0.142288068,0.377712371,-0.04228743,0.177713728,3.527712197,1.947711036,0.887712419,Female,77,0,0,66,66,Left,0,0,0,2,218556,0,7,4,4,21,-1.303572462,Low
219768,2.357712452,4.087712321,-0.242287156,3.037712546,-0.022287791,2.287711641,2.907711736,-2.952288526,2.087714018,0.08770723,-1.202286395,-2.582287341,-0.722286564,-2.122290297,-1.462288457,1.58771062,0.647710534,2.317712157,3.977712209,2.80771143,0.577711599,Male,42,0,0,75,75,Right,0,0,0,2,219768,0,47,2,3,20,-0.234249481,Low
223799,2.557711514,4.557712126,1.167711171,1.437712463,-0.172288267,1.197714448,-1.252287789,0.197714448,0.77771217,1.207711723,0.15771638,-2.732289231,-0.512287283,-0.23228758,-0.212288385,1.617712234,0.567710929,1.377712371,4.157712338,3.427712092,0.85771034,Female,51,0,0,70,70,Left,0,0,0,2,223799,0,6,2,3,21,-0.396072916,Low
230404,2.447711427,4.237712079,1.037712546,2.267712566,-0.622287629,1.727711385,-1.592288319,1.257710669,5.457712476,2.04771287,0.707710306,0.277711055,1.027713182,0.007712195,1.117714988,1.547711396,3.077712995,2.307711207,3.767711996,3.147712094,1.647710534,Male,48,0,0,63,63,Right,2,0,0,3,230404,2,24,3,3,30,0.644989494,High
230753,1.637712249,3.83771219,1.557713964,0.817713295,-0.292287927,1.057713659,1.257710669,0.677711186,3.077712995,0.577711599,0.447716715,-2.41228554,-0.98228899,-1.182288342,-0.362287751,0.877712844,2.287711641,0.437707137,4.017712613,2.947712906,0.58771062,Female,72,0,0,65,65,Left,4,0,0,3,230753,4,10,2,3,31,-0.239864373,Low
256208,1.427713432,2.537713531,0.787708272,1.387709937,-0.122287156,1.12771251,0.467707269,-0.132286948,2.607711431,0.927714447,0.657713167,-0.172288267,0.117708339,0.397715357,0.207717969,0.497709436,1.397709882,1.367712128,4.137712535,3.217713085,1.41771482,Male,59,0,0,47,47,Left,4,0,0,3,256208,4,20,4,3,31,0.17844888,High
258079,0.947711036,2.497711991,-0.50228852,0.227716435,-1.382287766,0.267715562,-3.322287371,-0.812287986,2.157713146,0.047705891,-1.212286714,-2.02228486,-0.712286586,-1.102288694,-0.482286903,-0.562288602,-0.902286735,1.307714121,4.237712079,3.137711716,-0.122287156,Male,30,0,0,46,46,Left,1,1,0,3,258079,1,20,2,4,31,-0.148906406,Low
193656,1.377712371,2.447711427,1.347711006,3.997712417,-0.632286754,3.997712417,1.087714018,1.677711186,3.607712614,1.117714988,0.807709369,-1.472289054,-0.292287927,-0.772288493,-1.032288362,1.217714636,1.577711599,1.837713199,5.137712535,3.757712417,1.227710275,Male,62,0,0,92,92,Left,3,0,0,3,193656,3,15,2,4,31,0.407871749,High
230811,3.367712128,4.907712217,0.717710417,2.027713182,-1.112287581,1.987713779,-2.84228362,-0.102287145,4.987712414,1.357709637,0.307708293,-0.252287789,-0.062288012,-0.462288457,0.247708815,0.717710417,1.957714056,1.947711036,4.397712619,3.257712177,1.077714704,Male,48,1,1,34,34,Left,6,1,0,3,230811,6,7,3,3,31,0.530283089,High
237303,-0.452287617,1.547711396,2.027713182,0.787708272,0.947711036,0.897712855,2.837713199,0.987713779,3.697712668,1.467712485,0.387715451,-0.122287156,0.207717969,0.267715562,1.007712195,2.537713531,1.827713359,2.617712234,4.157712338,2.507713467,2.057713659,Male,76,0,0,61,61,Right,0,0,1,2,237303,0,4,3,3,21,-0.262108133,Low
239661,4.027712298,5.187712331,-0.052287468,2.79771236,1.24771489,2.827713359,1.977712209,-0.492287548,3.527712197,2.677713441,2.137713355,0.397715357,1.697711556,0.787708272,1.897712855,2.737712717,2.747711782,2.287711641,4.667712203,4.277712543,2.98771196,Female,62,0,1,58,27,Left,0,0,1,1,239661,0,5,2,2,21,0.600292934,High
164727,1.297713804,3.077712995,1.647710534,-1.062288012,-0.012287676,-1.062288012,-3.542286789,0.987713779,5.617712234,1.537713531,0.907713659,-1.202286395,-0.692287044,0.097718658,0.997711514,1.397709882,2.447711427,3.427712092,5.087712321,4.507712198,1.627714219,Male,43,1,1,49,49,Left,16,1,0,3,164727,16,16,4,4,31,1.635811257,High
165827,2.817713295,3.977712209,0.687714681,3.537712289,-0.582287341,3.537712289,1.74771393,-1.102288694,4.337712519,1.04771287,-0.32228701,-1.542285948,-0.832287544,-1.262289014,-0.542288049,0.277711055,0.41771482,2.187713914,4.747712319,3.697712668,0.447716715,Male,77,1,1,34,34,Left,1,0,0,3,165827,1,22,2,4,31,0.557058264,High
166072,1.637712249,2.677713441,2.207711723,1.177713728,-1.172288267,1.177713728,1.137713355,-0.062288012,1.067714429,0.937713494,0.367717718,-2.462284482,-0.942287727,-0.242287156,-3.452287223,-1.212286714,2.66771277,1.847712347,4.227712585,3.85771233,0.817713295,Male,73,1,1,82,31,Right,2,0,0,3,166072,2,17,4,4,31,1.715939401,High
190006,1.727711385,3.077712995,1.657713167,2.377712371,-0.272286873,2.377712371,-2.062288012,0.007712195,1.407711681,0.277711055,-0.302288444,-1.902286735,-2.892285352,-2.192288982,-1.512287283,0.497709436,0.727711385,2.237713609,4.197712089,3.117711663,0.427713432,Male,63,0,0,89,89,Left,0,1,0,2,190006,0,13,2,3,21,0.317765604,High
193378,-1.23228758,-0.112287581,-1.882289001,0.85771034,-1.452289591,0.85771034,0.007712195,-1.316288146,1.137713355,-0.08228718,-2.292284394,-1.582287341,-1.372288582,-2.372288582,-2.28228432,-0.452287617,-0.89228803,2.117711663,3.337712519,1.737712717,-0.212288385,Male,43,0,0,79,79,Right,0,0,0,2,193378,0,35,2,4,21,-0.477795634,Low
195864,3.757712417,5.297712336,0.317709263,1.707710306,-0.672287346,1.707710306,-2.332287684,1.80771349,2.907711736,1.177713728,0.807709369,-0.392286676,0.137713355,-0.102287145,0.727711385,1.027713182,1.757710284,2.907711736,4.367712128,3.477712294,1.187710747,Male,66,1,1,30,15,Left,7,1,1,3,195864,7,15,4,4,31,0.874329246,High
199874,1.58771062,2.577711599,1.207711723,1.887712419,-2.882283683,1.887712419,-0.212288385,-0.022287791,-0.802288068,-0.622287629,-2.462284482,-1.952288526,-1.262289014,-1.392288569,-1.132286948,-1.652288994,0.097718658,2.567713363,3.907712698,2.77771217,-0.472287052,Female,30,0,0,89,89,Left,3,0,0,3,199874,3,23,2,4,31,0.951756894,High
205718,2.077711286,3.077712995,0.557709063,1.527710946,-1.61228896,1.527710946,2.697711556,0.75771455,2.647712836,0.217714636,-0.332287684,-1.752286325,-1.752286325,-1.342286833,-1.162289222,0.85771034,0.15771638,1.397709882,2.087714018,0.687714681,0.097718658,Male,62,0,0,84,84,Left,5,1,0,3,205718,5,19,2,4,31,-1.475425085,Low
208377,2.027713182,4.087712321,1.157709913,2.66771277,-1.092287879,2.347711006,-0.152286851,-0.282287829,3.287711641,0.967714588,-1.332287684,-1.202286395,-0.04228743,-0.442287016,0.317709263,0.657713167,1.257710669,1.9677109,4.417712119,3.757712417,2.157713146,Male,34,0,0,83,83,Left,0,0,0,2,208377,0,18,4,4,21,0.587437684,High
208970,1.057713659,3.357712452,0.207717969,2.217711534,-0.292287927,2.517711586,0.607711431,-2.132286948,0.75771455,1.707710306,-0.712286586,-1.072288587,-0.942287727,-0.642288111,-1.092287879,1.037712546,0.717710417,1.097711917,4.537712289,2.967712744,0.827713359,Male,42,0,0,83,83,Right,1,0,0,3,208970,1,15,4,3,30,-0.462756357,Low
209712,1.77771217,4.067712708,1.26770957,2.66771277,0.487712717,2.837713199,3.877712844,0.12771251,4.347712423,1.74771393,1.26770957,-0.272286873,0.277711055,-0.032286887,0.847716355,1.58771062,2.227713355,2.037712546,4.097712759,2.967712744,1.957714056,Female,55,1,1,54,52,Right,0,1,1,2,209712,0,19,2,4,21,0.179323717,High
213638,1.04771287,3.637712249,0.287708686,-0.282287829,0.507708393,-0.252287789,-2.352289466,2.277711055,3.117711663,1.327710355,-0.262287283,-1.31228711,-1.082288708,-2.212286714,-0.772288493,1.847712347,-0.392286676,1.877712844,3.40771304,2.257713685,0.397715357,Female,35,0,0,75,75,Left,12,0,0,3,213638,12,26,2,3,31,-1.085433765,Low
214992,2.427713432,4.387712694,0.867714633,0.837709163,-0.602286833,0.657713167,1.317715051,0.12771251,1.377712371,-0.08228718,-1.152288455,-2.102285596,-1.112287581,-1.402286728,-0.452287617,1.687710203,0.307708293,0.557709063,3.547712629,2.80771143,1.627714219,Female,57,0,0,75,75,Left,2,0,0,3,214992,2,10,2,4,31,-1.144352151,Low
216088,0.75771455,3.067712708,-0.152286851,1.007712195,-1.96228886,0.897712855,-1.442288976,-0.622287629,1.77771217,0.887712419,-0.572286568,-0.192287334,0.107714648,0.317709263,0.697711556,0.037705518,1.727711385,1.767714115,4.58771242,3.507712198,1.577711599,Male,59,0,0,65,65,Left,3,0,0,3,216088,3,9,2,4,31,0.761694925,High
216230,3.297712336,5.297712336,0.497709436,1.41771482,-1.342286833,1.387709937,2.117711663,-0.272286873,2.507713467,-0.602286833,0.447716715,-1.41228938,-1.432287124,-1.292287927,-0.612286755,1.567710929,1.617712234,0.267715562,3.307712664,2.297713804,0.097718658,Male,46,0,1,77,32,Left,2,1,0,3,216230,2,8,2,4,31,-1.076372717,Low
216611,1.437712463,3.507712198,1.947711036,1.80771349,-0.002287041,1.657713167,-2.562286472,1.427713432,1.80771349,0.657713167,-0.122287156,-0.712286586,-1.182288342,-0.632286754,-1.282287829,2.187713914,1.447711427,1.577711599,3.83771219,2.697711556,1.757710284,Female,61,1,1,57,38,Left,1,1,1,3,216611,1,20,2,4,31,-0.60687932,Low
216700,4.047711997,5.177712532,2.71771261,2.537713531,-0.162287608,2.287711641,-0.07228707,1.377712371,3.897712855,2.177713728,1.307714121,-0.04228743,0.907713659,0.41771482,1.067714429,2.547711396,3.057711926,1.977712209,5.05771236,4.157712338,1.657713167,Male,55,1,1,21,16,Left,2,0,1,3,216700,2,10,2,4,31,0.573240802,High
217778,0.827713359,2.77771217,1.24771489,1.087714018,1.287714596,1.367712128,1.80771349,1.23771055,2.247711852,1.107714648,0.007712195,-1.672289645,-1.512287283,-1.702289717,-0.722286564,1.407711681,0.227716435,1.45770985,4.07771214,2.877712844,1.637712249,Female,41,0,0,72,72,Left,4,0,1,3,217778,4,10,2,4,31,-0.632688482,Low
218007,2.537713531,3.747712856,1.357709637,0.217714636,-1.562286472,0.147710467,-1.152288455,-0.242287156,4.237712079,2.457712476,0.567710929,0.147710467,1.907713659,1.507713467,2.867712657,1.137713355,2.417712119,3.057711926,5.457712476,4.597712319,2.58771302,Male,56,0,0,76,76,Left,0,0,0,2,218007,0,26,2,4,21,1.606593543,High
218838,1.017715285,3.567712146,0.337711092,1.787712451,-0.952288526,2.217711534,-1.562286472,-0.342286833,1.817713295,0.837709163,-0.372286715,-1.50228852,-0.08228718,-0.752288755,-0.032286887,1.347711006,0.707710306,1.897712855,4.58771242,3.79771236,0.727711385,Female,48,0,0,73,73,Left,0,0,0,2,218838,0,7,2,3,21,0.147618258,High
219541,4.027712298,5.787712451,2.827713359,4.71771261,0.517709067,4.58771242,-2.432291017,-2.782287845,4.937712553,1.037712546,0.907713659,-0.362287751,0.057706729,0.167717593,0.727711385,1.997711514,4.187712331,2.98771196,5.117712495,4.157712338,1.827713359,Male,57,0,0,74,74,Left,0,0,1,2,219541,0,14,2,4,21,1.559538995,High
221232,3.117711663,4.707712515,0.617712234,2.517711586,-0.632286754,2.367712128,4.787712451,-0.552287516,3.330712061,0.327710355,0.497709436,-2.182288342,-0.122287156,-0.492287548,-0.692287044,2.257713685,2.957712199,1.637712249,4.037712546,2.977712209,1.447711427,Female,48,0,0,61,61,Left,0,0,1,2,221232,0,9,2,3,21,-0.036469419,Low
221702,2.767711996,4.027712298,2.607711431,3.017711722,-0.23228758,2.77771217,4.277712543,1.337711092,1.787712451,1.327710355,0.177713728,-0.552287516,-0.192287334,-0.592288319,-0.472287052,1.007712195,3.267712566,2.157713146,4.977712209,3.307712664,1.017715285,Female,68,1,1,32,8,Left,1,0,1,3,221702,1,5,3,4,31,0.917051663,High
221741,2.007712195,2.637712249,0.707710306,1.277711055,-1.382287766,0.717710417,-2.442285056,-3.98228671,0.227716435,0.58771062,-0.922286663,-1.602289023,-1.862286645,-1.602289023,-1.522289519,1.707710306,0.387715451,0.617712234,3.477712294,2.337711092,0.057706729,Female,30,0,0,70,70,Right,0,1,1,2,221741,0,28,2,3,21,-1.318727544,Low
222995,4.257712177,5.907712457,2.937711611,3.40771304,-0.41228746,3.287713118,-2.422288401,-1.492289578,3.277712543,1.997711514,1.317715051,-0.762287003,-0.272286873,0.277711055,0.377712371,1.057713659,3.357712452,0.787708272,4.117712495,3.177712134,1.547711396,Male,37,0,0,69,69,Right,0,0,0,2,222995,0,21,2,3,20,0.263377873,High
225489,2.597712319,3.737712717,0.23771055,2.037712546,0.007712195,2.1077113,-3.152285248,0.12771251,0.637712249,0.887712419,0.037705518,-1.392288569,-1.052287468,-1.482286903,-0.482286903,3.117711663,0.727711385,1.257710669,3.547712629,2.267712566,0.537713531,Male,53,0,0,68,68,Left,0,0,0,2,225489,0,19,2,4,21,-1.515213866,Low
226619,3.017711722,3.937712553,1.327710355,3.04771287,1.097711917,2.917712438,1.087714018,1.74771393,0.507708393,1.187710747,0.337711092,-2.732289231,-1.452289591,-2.28228432,-0.882286342,1.157709913,0.647710534,1.297713804,2.66771277,1.437712463,0.177713728,Female,37,0,0,67,67,Right,4,0,0,3,226619,4,22,2,3,31,-1.146325216,Low
228153,3.267712566,4.927712551,1.907713659,2.767711996,-0.012287676,2.79771236,0.557709063,2.177713728,2.677713441,1.337711092,0.057706729,-1.702289717,-1.082288708,-0.822288823,-0.292287927,1.947711036,2.327713229,1.45770985,2.77771217,1.74771393,1.657713167,Male,50,0,0,66,66,Right,0,0,1,2,228153,0,19,2,3,21,-0.746513572,Low
229423,2.707712515,4.71771261,0.447716715,1.817713295,0.117708339,1.757710284,1.347711006,-0.562288602,2.407711681,1.477713589,-0.272286873,-0.672287346,-0.542288049,-0.682288422,-0.342286833,1.727711385,2.957712199,1.767714115,4.83771219,3.607712614,0.767714115,Female,42,0,0,66,66,Left,0,0,0,2,229423,0,14,2,4,21,0.515292644,High
235123,1.847712347,3.357712452,-1.012286221,-1.492289578,-0.50228852,-0.842288793,-1.602289023,-0.882286342,4.137712535,0.807709369,-0.712286586,-1.272286873,0.817713295,0.217714636,1.207711723,-0.772288493,1.74771393,1.58771062,5.777712433,4.707712515,1.617712234,Female,40,0,1,51,35,Left,0,1,1,1,235123,0,0,4,4,21,1.553919799,High
235975,1.637712249,2.747711782,-0.092287879,0.58771062,-1.002287041,0.617712234,0.537713531,-2.252287789,3.237712079,0.877712844,0.437707137,-2.122290297,0.057706729,-0.91228734,0.517709067,0.287708686,1.037712546,1.277711055,3.98771196,3.007712195,0.807709369,Male,64,0,0,63,63,Right,0,0,0,2,235975,0,46,2,4,21,0.017959223,High
239819,0.137713355,0.557709063,-1.722286564,-0.552287516,-2.63228899,-0.552287516,-4.312288543,-0.572286568,3.707712515,0.177713728,-0.772288493,-2.262289014,-1.04228743,-1.152288455,-0.102287145,-1.272286873,1.997711514,2.007712195,5.2277122,4.607712614,-0.112287581,Male,50,1,1,15,9,Right,1,1,1,3,239819,1,19,4,4,31,1.958389019,High
240482,2.027713182,3.477712294,-0.972288233,1.137713355,-0.382287766,1.137713355,0.856601257,-0.022287791,2.067710987,-0.342286833,0.357709637,-2.112287581,-1.222286147,-2.112287581,-0.712286586,1.477713589,1.787712451,1.547711396,3.687712442,2.71771261,0.107714648,Female,38,0,1,54,15,Left,7,0,0,3,240482,7,8,2,3,31,-0.237066332,Low
247231,-1.922286663,-1.142286475,-0.392286676,0.577711599,-1.392288569,0.577711599,0.997711514,-1.952288526,2.027713182,-0.012287676,-1.772288493,-2.162285993,-2.14228966,-2.002287041,-1.712286586,-0.22228783,0.387715451,0.297707935,3.237712079,2.447711427,0.387715451,Female,66,0,0,54,54,Left,9,0,0,3,247231,9,17,4,3,31,-0.663094621,Low
247372,2.027713182,2.867712657,0.41771482,1.437712463,-2.112287581,1.437712463,-3.742288366,-0.382287766,4.177712134,0.907713659,0.837709163,-1.452289591,-0.022287791,0.037705518,0.787708272,0.217714636,1.957714056,0.967714588,4.707712515,3.687712442,1.317715051,Male,22,0,0,8,8,Right,8,1,1,3,247372,8,40,4,4,31,0.491542326,High
247670,1.41771482,2.98771196,1.097711917,1.537713531,-1.212286714,1.537713531,-0.062288012,0.897712855,2.827713359,-0.582287341,-1.492289578,-2.28228432,-1.63228899,-1.362287751,-1.372288582,-0.212288385,0.907713659,1.927710654,3.247711852,2.58771302,0.137713355,Male,68,0,0,50,50,Left,2,1,0,3,247670,2,18,2,3,30,0.264683955,High
248174,1.547711396,3.627711885,0.387715451,1.787712451,-2.042290401,1.787712451,0.877712844,-0.462288457,1.957714056,-0.04228743,-1.96228886,-3.182288342,-4.312288543,-2.702289717,-1.552287516,0.217714636,0.807709369,1.087714018,4.627712468,3.187712331,0.167717593,Female,51,0,0,50,50,Left,1,0,0,3,248174,1,11,2,4,31,-0.022821406,High
249322,0.527710946,2.077711286,-2.742284505,0.677711186,-2.392288569,0.677711186,-3.322287371,-0.002287041,3.017711722,0.58771062,-0.002287041,-1.04228743,-0.122287156,-0.632286754,0.527710946,-0.362287751,1.797714435,2.077711286,5.037712546,4.147712094,0.927714447,Female,43,0,0,52,52,Right,3,0,0,3,249322,3,61,2,4,31,1.367297602,High
249864,2.087714018,3.79771236,1.257710669,1.45770985,-2.182288342,1.077714704,-0.540287655,0.107714648,4.787712451,0.047705891,0.447716715,-0.622287629,-0.452287617,-0.102287145,-0.332287684,0.657713167,0.627709551,2.557711514,4.477712294,3.187712331,1.767714115,Male,47,0,1,52,14,Right,1,1,0,3,249864,1,29,2,1,30,0.399265349,High
255702,0.657713167,2.147713722,-1.172288267,-1.322288814,-1.672289645,-0.632286754,-1.222286147,-1.031287791,3.40771304,1.397709882,-0.212288385,-1.402286728,0.217714636,-0.712286586,0.597717086,0.227716435,2.027713182,1.307714121,4.667712203,3.297712336,1.367712128,Female,55,0,0,48,48,Left,1,0,1,3,255702,1,24,3,4,31,0.477733745,High
255803,2.237713609,4.267712566,0.397715357,0.367717718,-2.682288422,0.597717086,1.26770957,-1.362287751,3.477712294,0.367717718,-0.782287845,-0.992287805,-0.632286754,-0.602286833,-0.442287016,-0.482286903,-0.70228737,1.527710946,3.947711971,3.097711917,0.737712717,Female,47,0,0,47,47,Left,0,0,0,2,255803,0,11,2,3,21,-0.043160527,Low
255830,0.507708393,2.287711641,-0.002287041,-0.052287468,-2.352289466,-0.292287927,-3.322287371,0.08770723,0.647710534,-0.482286903,-1.23228758,-2.392288569,-3.672286886,-1.552287516,-2.28228432,0.467707269,-0.41228746,0.537713531,2.037712546,0.687714681,0.6677105,Female,49,0,0,45,45,Left,0,0,0,2,255830,0,6,2,3,21,-1.868922135,Low
219534,0.847716355,2.267712566,1.04771287,2.137713355,-0.382287766,2.217711534,-0.152286851,-0.922286663,2.897712855,1.147710467,-0.142288068,-0.942287727,-0.452287617,-0.932286948,-0.642288111,-0.22228783,0.797710285,3.427712092,4.40771236,3.357712452,0.557709063,Male,56,0,0,66,66,Right,5,1,0,3,219534,5,18,4,3,31,1.248735938,High
173487,-1.012286221,0.607711431,-2.54229015,1.897712855,-1.862286645,1.897712855,-1.472289054,0.387715451,2.397712619,0.54771633,-0.882286342,-1.512287283,-0.522287447,-1.122287156,-0.052287468,-0.07228707,-1.332287684,-0.952288526,4.697712112,4.317712157,-0.122287156,Male,44,0,0,115,115,Left,1,0,0,3,173487,1,23,3,4,31,-0.91197293,Low
225295,2.487712717,3.937712553,-0.492287548,0.847716355,-2.532290645,0.847716355,2.867712657,-0.722286564,3.79771236,1.027713182,-0.652286727,-0.98228899,-0.512287283,-1.342286833,-0.272286873,-0.842288793,2.627711885,2.04771287,3.497711991,2.907711736,0.937713494,Female,35,1,1,26,12,Left,3,0,0,3,225295,3,8,2,3,30,1.211653588,High
176587,0.537713531,2.207711723,0.267715562,2.607711431,2.497711991,2.607711431,0.967714588,-1.812287986,6.137712331,1.197714448,-1.102288694,-1.642288111,-1.462288457,-1.532286472,-0.08228718,3.207711723,1.157709913,2.447711427,4.817712272,3.997712417,1.6677105,Female,46,0,0,106,106,Right,0,0,0,3,176587,0,12,5,4,31,-0.105595397,Low
190400,1.157709913,2.007712195,0.41771482,2.357712452,-2.742284505,2.357712452,-2.502284433,-3.392287054,-0.052287468,-0.432287124,-2.812282919,-2.782287845,-2.602289023,-2.832292682,-1.87228749,-1.192288982,0.387715451,2.407711681,3.357712452,2.287711641,-0.282287829,Male,73,0,0,98,98,Right,0,0,0,2,190400,0,29,4,4,21,0.563256714,High
186048,4.637712249,5.85771233,0.567710929,2.387712694,-0.562288602,2.387712694,2.727711385,-0.422288401,4.227712585,1.12771251,0.107714648,-1.552287516,-0.562288602,-1.112287581,-1.392288569,1.037712546,-0.002287041,1.547711396,2.98771196,2.247711852,1.167711171,Female,77,0,0,100,100,Left,3,1,0,3,186048,3,10,2,4,31,-0.807750729,Low
211658,1.507713467,4.227712585,0.317709263,2.277711055,-1.23228758,1.80771349,-0.112287581,-0.732286835,2.407711681,1.097711917,-0.292287927,-1.932289701,-1.812287986,-1.402286728,-0.792287028,0.677711186,-0.202288055,0.607711431,3.657712024,2.167711171,1.117714988,Male,51,0,0,78,78,Left,0,0,0,2,211658,0,8,2,4,21,-1.17640002,Low
165914,2.907711736,4.487712074,2.407711681,3.237712079,0.387715451,3.237712079,-1.062288012,2.427713432,4.507712198,0.967714588,1.857714321,-1.692287044,-0.572286568,-0.512287283,0.287708686,0.687714681,2.237713609,4.147712094,4.567712146,3.847712347,1.277711055,Female,51,1,1,54,34,Left,8,1,0,3,165914,8,13,2,3,31,1.860405701,High
188002,0.877712844,1.657713167,-1.242287156,1.097711917,-2.072288587,1.097711917,-0.040859444,-0.612286755,2.237713609,-0.572286568,-1.942284955,-1.76228945,-2.522285375,-2.432291017,-1.50228852,0.597717086,0.45770985,1.717710417,2.707712515,2.187713914,0.227716435,Female,24,0,1,101,40,Right,0,0,0,2,188002,0,44,2,4,21,-0.456184676,Low
188354,0.117708339,0.947711036,-1.622287629,-0.422288401,-2.372288582,-0.422288401,-2.712286586,-4.332286231,4.297712336,0.527710946,-0.672287346,-0.972288233,-1.192288982,-0.952288526,0.01770816,-1.382287766,3.077712995,1.737712717,3.77771217,3.087712321,0.767714115,Male,42,0,0,99,99,Left,9,0,0,3,188354,9,18,2,4,31,1.498891682,High
196448,1.017715285,2.157713146,-0.712286586,-2.202286395,-2.562286472,-2.202286395,-0.172288267,-1.592288319,4.28771238,1.427713432,-0.572286568,-0.172288267,-0.532288558,0.107714648,1.007712195,-1.87228749,1.507713467,2.897712855,5.097712338,3.79771236,1.04771287,Female,57,0,0,71,71,Right,4,0,0,3,196448,4,15,2,4,31,2.064002703,High
213663,1.497714545,3.80771246,-0.98228899,0.427713432,-1.432287124,0.377712371,-2.02228486,-2.032288362,2.917712438,0.527710946,-0.922286663,-2.092284803,-0.432287124,-0.332287684,-0.012287676,-0.422288401,1.017715285,0.797710285,3.747712856,3.027713182,1.067714429,Male,59,0,0,79,79,Left,0,0,0,2,213663,0,19,2,3,20,0.084980069,High
201090,2.607711431,4.327712511,0.367717718,1.317715051,-0.682288422,0.937713494,1.187710747,-0.612286755,1.467712485,0.527710946,-0.432287124,-1.622287629,-0.642288111,-0.472287052,0.08770723,1.167711171,1.927710654,1.997711514,4.057712793,3.437712463,1.217714636,Female,45,0,0,83,83,Left,0,0,0,2,201090,0,12,2,4,21,0.452518721,High
177811,0.327710355,2.477713589,0.097718658,1.627714219,-0.192287334,1.757710284,3.66771277,-0.532288558,0.327710355,0.367717718,-1.892285352,-2.452285643,-1.282287829,-1.61228896,-0.992287805,0.327710355,1.177713728,0.697711556,4.597712319,3.79771236,0.627709551,Female,66,1,1,51,42,Left,0,1,1,2,177811,0,6,2,4,21,0.152864691,High
204708,2.967712744,4.40771236,1.567710929,2.867712657,-0.512287283,2.867712657,0.957714056,0.807709369,2.247711852,0.567710929,0.827713359,-1.322288814,-1.332287684,-0.822288823,-1.062288012,0.977712209,0.147710467,2.347711006,4.40771236,3.647712836,-0.432287124,Male,76,1,1,35,35,Left,0,0,1,2,204708,0,10,2,3,21,0.254808335,High
218161,1.877712844,3.547712629,-0.852286929,0.767714115,-0.932286948,0.947711036,-2.122290297,-1.012286221,3.787712451,2.037712546,1.04771287,-0.992287805,-0.432287124,-0.172288267,1.347711006,1.197714448,2.557711514,1.887712419,4.057712793,3.117711663,2.087714018,Male,58,0,0,68,68,Right,0,0,0,2,218161,0,18,2,1,20,0.429850165,High
221032,2.887712419,4.627712468,0.867714633,0.607711431,-1.622287629,1.107714648,-0.752288755,-0.002287041,2.577711599,1.507713467,0.357709637,-1.222286147,-0.272286873,-0.382287766,0.577711599,1.427713432,2.077711286,2.067710987,3.427712092,2.71771261,1.317715051,Female,56,0,0,61,61,Left,1,0,0,3,221032,1,45,2,3,30,0.095234883,High
224373,1.787712451,3.79771236,0.317709263,0.137713355,-0.062288012,-0.342286833,-0.332287684,-3.622287629,-1.812287986,1.187710747,0.037705518,-1.602289023,-0.04228743,-1.532286472,-0.70228737,2.577711599,2.157713146,1.607711431,3.157713146,2.227713355,1.187710747,Female,84,1,1,28,28,Right,0,1,1,2,224373,0,32,3,4,21,-0.752804216,Low
224552,0.54771633,2.752712402,-1.432287124,-0.342286833,-1.092287879,-0.932286948,-1.992287805,-1.182288342,3.217713085,1.26770957,-0.372286715,-1.31228711,1.067714429,0.887712419,1.437712463,-0.202288055,2.657713167,1.107714648,5.597712319,4.687712442,1.387709937,Male,77,1,1,46,36,Left,0,1,0,2,224552,0,4,2,3,21,1.380562392,High
224920,3.937712553,5.56771245,0.477708409,1.387709937,-0.662286625,0.967714588,0.437707137,-0.362287751,3.817712272,1.527710946,-1.642288111,-1.712286586,0.207717969,-0.792287028,-0.08228718,-0.442287016,1.04771287,2.607711431,3.83771219,3.027713182,0.597717086,Male,76,0,0,68,68,Left,0,0,0,2,224920,0,18,2,3,20,0.895330159,High
225114,3.98771196,5.767712261,0.797710285,3.827712343,-0.172288267,3.80771246,-0.442287016,-0.842288793,2.77771217,1.257710669,0.077707868,-2.012286221,-0.612286755,-0.682288422,-0.162287608,0.147710467,1.287714596,1.307714121,3.417712119,2.467712485,1.977712209,Female,25,0,0,68,68,Left,4,0,0,3,225114,4,32,4,3,31,-0.090230592,Low
226144,2.327713229,3.40771304,1.04771287,-0.91228734,0.12771251,-1.882289001,2.85771233,-0.302288444,1.817713295,1.427713432,-0.142288068,-1.932289701,-0.632286754,-1.202286395,-0.162287608,1.057713659,1.147710467,2.327713229,3.737712717,2.837713199,1.477713589,Female,62,0,0,67,67,Right,0,0,0,2,226144,0,22,4,3,21,0.135053733,High
226745,2.067710987,3.567712146,0.23771055,2.98771196,0.877712844,2.907711736,2.077711286,1.167711171,5.2277122,1.607711431,0.197714448,-1.902286735,0.637712249,0.627709551,0.807709369,3.007712195,3.357712452,1.797714435,3.607712614,2.66771277,2.307711207,Male,61,0,0,67,67,Left,0,0,0,1,226745,0,4,2,2,21,-0.28152185,Low
226904,3.77771217,5.367712477,1.537713531,1.74771393,0.657713167,1.597712319,-1.842288793,0.687714681,3.457712476,1.707710306,1.287714596,-2.032288362,-0.432287124,-0.792287028,0.137713355,1.767714115,2.677713441,1.287714596,4.187712331,3.627711885,2.267712566,Male,76,0,0,67,67,Left,0,0,0,1,226904,0,8,2,3,21,0.216532439,High
230407,4.327712511,4.691045797,1.977712209,4.497712629,-0.572286568,3.867712657,3.267712566,0.887712419,4.607712614,1.617712234,1.947711036,0.007712195,1.147710467,0.827713359,0.867714633,1.637712249,2.597712319,2.367712128,4.707712515,3.66771277,2.837713199,Female,67,0,1,63,35,Left,3,0,0,3,230407,3,21,4,3,30,0.7353982,High
231141,3.317712157,5.237712462,0.447716715,1.467712485,0.54771633,1.257710669,2.577711599,0.077707868,3.617712234,1.657713167,-0.392286676,-1.23228758,-0.852286929,-0.572286568,-0.572286568,3.217713085,2.317712157,1.74771393,2.617712234,1.877712844,1.157709913,Male,66,0,0,63,63,Left,3,0,0,3,231141,3,18,2,3,30,-1.052851608,Low
232270,2.657713167,3.367712128,0.477708409,-0.512287283,-2.332287684,-0.512287283,-0.362287751,-0.492287548,4.347712423,0.677711186,0.407711681,-1.732289231,-0.362287751,-0.792287028,1.337711092,-0.522287447,2.397712619,1.907713659,5.707712515,4.667712203,1.497714545,Female,67,0,1,63,14,Left,4,1,0,3,232270,4,0,2,4,31,1.769659456,High
237955,2.967712744,3.877712844,0.187717081,1.497714545,-2.162285993,1.497714545,0.927714447,1.58771062,2.167711171,0.377712371,0.257710669,0.407711681,0.357709637,0.097718658,0.007712195,1.9677109,1.437712463,3.297712336,3.297712336,3.40771304,1.817713295,Male,78,1,1,30,16,Left,1,0,0,3,237955,1,18,2,3,30,0.556423798,High
248062,0.677711186,1.397709882,-0.132286948,1.497714545,-1.512287283,1.497714545,-1.432287124,-1.032288362,1.357709637,0.54771633,-1.342286833,-2.14228966,-1.672289645,-1.492289578,-2.832292682,0.277711055,-1.682288422,1.957714056,2.027713182,1.147710467,0.707710306,Female,43,0,0,50,50,Right,0,0,0,2,248062,0,22,4,3,21,-1.332887179,Low
256526,0.147710467,2.637712249,0.447716715,0.58771062,-1.602289023,0.557709063,-0.782287845,-1.602289023,-1.76228945,0.08770723,-1.092287879,-1.792287028,-2.532290645,-1.96228886,-1.342286833,0.74771393,1.407711681,-0.07228707,2.427713432,1.337711092,0.207717969,Male,48,0,0,44,44,Left,0,0,0,2,256526,0,35,4,3,21,-1.412328866,Low
257593,1.477713589,2.967712744,0.617712234,1.12771251,-1.062288012,1.367712128,-2.302290223,-1.04228743,0.197714448,0.567710929,-1.062288012,-2.372288582,-1.442288976,-1.542285948,-1.102288694,-0.192287334,0.927714447,0.937713494,3.04771287,1.857714321,0.627709551,Female,59,0,0,45,45,Left,3,1,0,3,257593,3,16,2,3,30,-0.507489845,Low
257794,2.377712371,4.227712585,-0.352287624,0.517709067,-1.432287124,0.437707137,1.77771217,-0.132286948,2.847712347,0.007712195,-1.342286833,-2.852292138,-1.322288814,-1.50228852,-1.142286475,2.377712371,0.687714681,1.137713355,3.357712452,2.297713804,-0.302288444,Female,65,0,0,43,43,Left,0,0,0,2,257794,0,3,2,3,21,-1.279966542,Low
257918,0.277711055,2.197711303,-2.05229046,-1.23228758,-2.562286472,-3.742288366,-2.554509978,-1.562286472,3.197712875,0.767714115,-1.50228852,-1.072288587,-0.362287751,-0.432287124,0.317709263,-1.622287629,2.477713589,1.12771251,4.887712419,3.607712614,1.007712195,Male,72,0,0,44,44,Right,0,1,0,2,257918,0,5,2,3,21,1.387745996,High
258022,1.637712249,3.627711885,-0.622287629,0.45770985,-0.362287751,0.407711681,1.497714545,0.447711812,2.757712417,0.077707868,-1.292287927,-2.202286395,-0.802288068,-2.442285056,-1.662286625,1.41771482,-1.542285948,1.227710275,2.787712451,2.077711286,0.937713494,Male,73,0,0,44,44,Right,1,0,0,3,258022,1,21,4,3,30,-1.624115827,Low