ID,Sex,Age,OSstatus,DFSstatus,OS,DFS,LeftOrRight,LymStatus,NI,VI,Stage,ID,pN,Ntotal,grade,T_stage,stage_risk,riskscore,riskscoreStatus
228712,Male,75,0,0,68,68,Right,0,0,0,2,228712,0,18,4,3,21,0.370796111,High
206338,Male,67,0,1,84,63,Left,0,1,1,2,206338,0,14,2,4,21,-0.072915534,Low
207547,Male,62,0,0,78,78,Left,1,1,0,3,207547,1,14,2,3,30,0.33887053,High
212587,Male,62,0,0,76,76,Left,0,0,0,3,212587,0,7,2,3,30,-0.048702242,Low
260963,Male,38,0,1,45,13,Left,0,1,1,2,260963,0,24,3,4,21,-0.19974644,Low
174864,Male,27,1,1,12,5,Right,9,1,1,3,174864,9,26,3,4,31,0.375616837,High
181444,Female,44,0,1,89,23,Left,8,0,1,3,181444,8,29,2,2,31,0.349344631,High
190362,Male,83,1,1,32,11,Left,3,1,0,3,190362,3,5,3,3,30,0.533845784,High
195083,Female,59,0,0,94,94,Left,2,0,1,3,195083,2,9,3,4,31,-0.587390718,Low
205259,Female,71,0,0,65,65,Left,0,0,0,2,205259,0,21,4,4,21,0.074904607,High
205992,Male,77,1,1,54,38,Left,1,1,1,3,205992,1,9,3,4,31,-0.058424795,Low
214836,Male,65,0,1,78,27,Left,6,1,1,3,214836,6,14,2,4,31,-0.196244343,Low
218814,Male,36,1,1,31,5,Left,0,1,0,2,218814,0,0,2,4,21,2.402691853,High
219165,Male,49,0,0,72,72,Right,0,0,1,2,219165,0,13,2,4,21,0.464206339,High
219445,Male,39,0,0,72,72,Right,0,0,0,2,219445,0,26,2,4,21,0.210969109,High
222573,Female,63,0,0,73,73,Left,4,0,0,3,222573,4,8,2,3,31,0.319416507,High
222975,Male,58,0,0,69,69,Left,0,0,0,2,222975,0,8,2,3,21,-0.161658103,Low
226770,Male,57,0,0,62,62,Left,0,0,0,2,226770,0,11,2,3,21,0.09705206,High
138979,Female,43,0,0,69,69,Right,4,0,0,3,138979,4,31,4,3,31,0.523866403,High
176270,Male,72,0,0,86,86,Right,5,0,0,3,176270,5,40,2,3,31,0.625427757,High
226172,Female,54,0,0,68,68,Left,0,0,1,2,226172,0,11,3,3,21,0.97897212,High
257605,Male,65,0,1,46,21,Right,0,1,1,2,257605,0,14,2,3,21,0.81529505,High
177129,Male,66,0,1,85,67,Left,0,1,0,2,177129,0,19,2,4,21,0.066640485,High
192460,Female,61,1,1,63,46,Left,14,1,0,3,192460,14,19,4,3,31,1.438525466,High
192803,Female,61,1,1,35,11,Left,1,1,0,3,192803,1,28,3,2,30,0.432205538,High
193653,Female,57,0,0,87,87,Right,0,0,0,3,193653,0,9,2,3,30,1.026223373,High
194222,Female,74,1,1,23,4,Right,3,0,0,3,194222,3,26,2,3,30,0.673138566,High
219316,Male,59,0,0,69,69,Left,0,1,1,2,219316,0,11,2,4,21,-1.427544002,Low
230759,Female,51,0,0,60,60,Left,1,0,0,3,230759,1,9,2,3,30,0.239760169,High
231274,Female,50,0,1,64,14,Left,0,0,1,2,231274,0,25,2,3,21,2.510603799,High
176773,Male,72,1,1,19,16,Left,1,1,0,3,176773,1,13,2,4,31,0.296482364,High
214523,Male,56,0,0,78,78,Left,0,1,0,2,214523,0,15,2,4,21,-2.156384055,Low
218758,Male,78,0,0,64,64,Left,1,1,1,2,218758,1,2,2,4,21,0.507114601,High
240047,Male,91,1,1,19,6,Left,9,1,0,3,240047,9,11,2,4,31,0.855971929,High
255196,Male,75,0,0,44,44,Left,0,0,1,2,255196,0,13,4,3,21,-0.406390148,Low
255697,Male,68,0,0,47,47,Left,0,0,0,2,255697,0,9,4,3,21,-0.618006697,Low
167122,Male,41,1,1,33,13,Left,4,1,1,3,167122,4,24,4,4,31,2.723284962,High
167145,Male,49,0,0,118,118,Left,0,1,0,2,167145,0,24,1,4,21,0.527994004,High
167201,Male,57,1,1,25,18,Left,5,1,0,3,167201,5,5,2,4,31,0.026220971,High
167322,Male,74,1,1,85,79,Left,0,0,1,3,167322,0,27,2,3,30,1.226661402,High
168769,Male,69,0,0,120,120,Left,1,0,0,3,168769,1,10,2,3,30,-1.916826155,Low
170286,Male,39,1,1,31,16,Left,7,0,0,3,170286,7,15,2,3,31,1.7663674,High
171953,Male,32,0,0,114,114,Left,1,0,0,3,171953,1,12,2,4,31,-0.159797122,Low
173806,Male,69,0,0,113,113,Left,0,0,0,3,173806,0,15,2,4,31,-0.79455601,Low
174850,Female,70,0,0,113,113,Right,1,0,0,3,174850,1,18,3,4,31,-0.902348002,Low
186092,Female,62,0,0,102,102,Left,1,0,0,3,186092,1,23,2,4,31,-0.029396267,High
188379,Female,73,0,0,91,91,Left,1,1,0,3,188379,1,17,3,4,31,0.846807417,High
195602,Male,30,0,0,93,93,Left,4,1,0,3,195602,4,9,4,3,31,0.202194832,High
197539,Female,48,0,1,70,25,Left,2,0,0,3,197539,2,32,4,4,31,1.019819117,High
200093,Female,46,1,1,55,55,Left,2,1,1,3,200093,2,18,3,4,31,0.280930554,High
200603,Female,78,0,0,89,89,Left,11,0,0,3,200603,11,19,2,2,31,-0.126771185,Low
204601,Female,63,0,0,80,80,Left,3,1,0,3,204601,3,9,2,4,31,0.410105183,High
206070,Male,60,0,0,80,80,Left,0,0,0,2,206070,0,17,2,4,21,0.470191688,High
206476,Female,61,1,1,21,9,Left,6,1,1,3,206476,6,16,2,4,31,0.439378258,High
207422,Female,53,1,1,66,15,Left,1,1,0,3,207422,1,7,4,4,31,1.867762684,High
208117,Male,53,0,0,75,75,Left,1,0,0,3,208117,1,13,3,4,31,-1.718286051,Low
208581,Male,64,1,1,51,10,Right,5,1,1,3,208581,5,26,4,4,31,0.163723527,High
216711,Male,49,0,0,74,74,Left,0,0,0,2,216711,0,11,2,4,21,0.294233661,High
218441,Female,62,0,0,70,70,Left,5,0,0,3,218441,5,17,2,4,31,-0.307587464,Low
219290,Male,63,0,0,69,69,Left,0,0,1,2,219290,0,10,2,4,21,-0.786693081,Low
221461,Male,46,0,0,70,70,Left,0,0,0,2,221461,0,15,4,3,21,0.366770678,High
222178,Male,66,0,0,67,67,Left,0,0,0,2,222178,0,15,2,4,21,-1.096770633,Low
222630,Female,58,0,0,66,66,Left,0,0,0,2,222630,0,14,2,4,21,-1.02368363,Low
225659,Male,39,0,0,64,64,Left,0,0,0,2,225659,0,21,2,3,20,-0.454952997,Low
226426,Male,65,0,0,67,67,Left,0,0,0,2,226426,0,4,2,4,21,-0.048202964,Low
228811,Female,63,0,0,66,66,Right,0,0,0,2,228811,0,19,2,3,20,0.932977062,High
231239,Female,59,1,1,18,1,Left,1,1,0,3,231239,1,3,3,3,30,0.571914195,High
247253,Female,55,0,0,53,53,Right,0,0,0,2,247253,0,27,2,3,20,-0.243490165,Low
248318,Male,45,0,0,52,52,Left,0,0,0,2,248318,0,5,2,3,21,0.815391726,High
248765,Female,65,0,0,53,53,Left,2,0,0,3,248765,2,13,2,4,31,0.345088686,High
185575,Female,47,1,1,23,8,Left,4,0,0,3,185575,4,19,3,3,31,1.045195127,High
193665,Male,73,0,0,83,83,Right,0,0,0,2,193665,0,12,2,4,21,-0.105524087,Low
219351,Male,67,0,0,69,69,Right,0,0,0,2,219351,0,23,2,3,20,-0.344568446,Low
220239,Female,46,1,1,35,20,Right,0,1,1,2,220239,0,13,2,3,21,-0.635516316,Low
220681,Male,48,0,1,51,11,Left,1,1,0,3,220681,1,4,2,3,30,1.304730464,High
223429,Female,49,0,0,70,70,Right,1,0,0,3,223429,1,22,2,4,31,-1.766479436,Low
224413,Female,44,0,0,67,67,Left,2,0,0,3,224413,2,15,2,4,31,-0.032397638,High
231874,Male,40,0,0,66,66,Right,0,0,0,2,231874,0,22,2,3,20,-0.624057562,Low
255734,Male,52,0,0,45,45,Left,0,0,0,2,255734,0,10,2,3,21,-1.009692578,Low
255772,Female,62,0,0,47,47,Left,1,0,0,3,255772,1,7,4,3,30,-0.256377591,Low
164204,Female,69,0,0,126,126,Right,3,0,0,3,164204,3,19,2,4,31,-0.613410596,Low
166291,Male,42,0,0,121,121,Right,1,0,0,3,166291,1,39,2,4,31,0.441547009,High
168819,Male,77,1,1,36,29,Left,6,1,0,3,168819,6,23,2,4,31,2.151739811,High
169525,Male,70,0,0,117,117,Left,0,0,0,3,169525,0,15,2,3,30,0.160468169,High
170216,Female,45,0,0,117,117,Left,4,1,0,3,170216,4,6,2,4,31,-0.052067411,Low
172722,Female,67,1,1,62,62,Right,4,0,0,3,172722,4,38,2,3,31,1.228546164,High
173872,Female,51,0,0,115,115,Right,2,0,0,3,173872,2,42,2,4,31,-0.263463541,Low
176016,Male,72,1,1,23,7,Left,8,1,0,3,176016,8,13,2,3,31,-0.347916021,Low
179245,Male,39,0,0,109,109,Left,15,1,0,3,179245,15,22,3,4,31,-0.879335939,Low
180289,Male,53,1,1,27,13,Left,5,1,0,3,180289,5,15,2,3,31,-2.628689822,Low
191031,Male,53,1,1,19,12,Left,6,1,0,3,191031,6,12,4,4,31,-0.240034858,Low
193103,Male,59,1,1,73,73,Left,0,1,0,2,193103,0,14,2,3,21,0.368967634,High
202669,Female,48,0,0,88,88,Left,4,0,0,3,202669,4,11,2,4,31,0.116535291,High
203310,Male,34,1,1,21,8,Left,2,1,0,3,203310,2,11,2,4,31,3.071624161,High
203312,Male,76,0,0,81,81,Left,2,0,0,3,203312,2,18,2,4,31,0.126303454,High
205775,Female,70,0,0,79,79,Left,0,1,0,2,205775,0,11,2,4,21,-0.465209038,Low
206082,Female,64,0,0,80,80,Left,0,0,0,2,206082,0,15,2,4,21,-2.996124971,Low
206518,Male,53,0,0,84,84,Left,0,0,0,2,206518,0,14,2,3,20,0.638932958,High
206830,Female,50,0,0,83,83,Left,1,0,0,3,206830,1,18,2,2,30,-0.68244989,Low
206849,Male,67,0,0,82,82,Left,0,0,0,2,206849,0,9,2,4,21,1.819046645,High
206986,Male,61,0,0,78,78,Left,0,0,0,2,206986,0,19,2,3,20,0.563907421,High
207177,Male,62,0,0,77,77,Left,0,0,0,2,207177,0,23,2,3,20,1.054609033,High
207669,Male,72,0,0,79,79,Left,0,0,0,3,207669,0,12,2,4,31,-2.141951701,Low
207777,Female,53,0,0,82,82,Right,3,0,0,3,207777,3,27,2,4,31,-1.030551123,Low
207794,Female,62,0,0,80,80,Right,3,0,0,3,207794,3,16,2,3,30,-0.873394763,Low
208296,Male,47,0,0,78,78,Left,0,0,0,2,208296,0,6,4,4,21,0.645187657,High
208561,Male,60,0,0,77,77,Right,0,0,0,2,208561,0,27,4,4,21,0.451509361,High
208568,Female,57,0,0,77,77,Left,0,0,0,2,208568,0,13,3,4,21,-1.333040205,Low
209574,Female,50,1,1,56,39,Left,3,1,0,3,209574,3,6,2,3,30,-0.276243842,Low
209716,Female,34,0,0,82,82,Left,0,1,0,2,209716,0,18,2,3,21,-0.223056139,Low
210415,Male,47,0,0,81,81,Left,3,0,0,3,210415,3,18,2,4,31,0.863665562,High
211032,Female,66,0,0,81,81,Right,8,0,0,3,211032,8,18,2,4,31,-1.652976995,Low
213438,Male,57,0,0,73,73,Left,0,0,0,3,213438,0,6,2,3,30,0.474667407,High
214686,Female,32,0,0,67,67,Left,0,0,0,2,214686,0,12,2,4,21,-1.842018001,Low
214908,Female,36,1,1,43,22,Left,1,1,1,3,214908,1,93,2,4,31,0.525914825,High
215264,Male,58,0,0,71,71,Left,1,0,0,3,215264,1,29,2,3,30,0.104267228,High
215394,Male,53,0,0,75,75,Left,0,0,0,2,215394,0,17,2,4,21,-1.028280942,Low
216289,Male,39,0,0,74,74,Left,2,0,1,3,216289,2,25,2,4,31,-0.212834262,Low
217112,Male,49,0,0,74,74,Left,4,0,0,3,217112,4,16,2,3,31,0.640503474,High
218342,Female,54,0,0,71,71,Left,1,0,1,2,218342,1,18,2,4,21,-0.757193407,Low
218755,Male,40,0,0,68,68,Left,5,1,0,3,218755,5,16,2,3,31,-1.070877189,Low
219163,Male,56,0,0,70,70,Right,0,0,0,2,219163,0,18,2,3,20,-1.0453656,Low
219175,Male,39,0,0,74,74,Left,0,0,1,2,219175,0,9,2,4,21,-0.502247572,Low
220107,Female,68,0,0,66,66,Left,0,1,1,2,220107,0,31,2,4,21,-0.338835472,Low
221725,Male,39,0,0,67,67,Left,1,1,0,3,221725,1,8,2,4,31,-0.26359154,Low
222549,Male,44,0,0,69,69,Left,0,0,0,2,222549,0,18,2,3,20,-1.236511648,Low
223029,Male,47,0,0,69,69,Right,0,0,0,2,223029,0,20,2,3,20,-1.123099023,Low
224376,Female,62,0,0,64,64,Right,2,0,0,3,224376,2,25,2,3,30,0.981919102,High
224921,Male,42,0,0,68,68,Right,2,0,0,3,224921,2,17,4,4,31,0.252084619,High
225592,Female,60,0,0,67,67,Right,4,0,0,3,225592,4,28,2,3,31,-0.532234513,Low
225799,Male,68,0,0,64,64,Left,0,0,0,2,225799,0,13,3,4,21,-0.456740737,Low
226331,Female,40,0,0,67,67,Right,2,1,1,3,226331,2,23,4,4,31,-1.108724717,Low
226950,Male,49,0,0,67,67,Right,0,0,0,2,226950,0,19,2,4,21,0.590148161,High
228101,Male,52,0,0,63,63,Left,0,0,0,2,228101,0,16,2,3,20,-0.632317774,Low
228667,Male,62,0,0,66,66,Left,4,0,0,3,228667,4,14,2,3,31,1.287331598,High
229570,Male,52,1,1,49,27,Left,0,0,1,2,229570,0,2,2,4,21,2.497431944,High
229675,Male,55,0,0,63,63,Right,0,0,0,2,229675,0,0,2,3,21,0.760269815,High
233220,Female,53,0,0,60,60,Right,0,0,0,2,233220,0,17,2,3,20,-0.654736893,Low
233298,Female,46,0,0,63,63,Left,0,1,0,2,233298,0,14,3,4,21,0.584071383,High
238096,Male,42,0,0,62,62,Left,0,0,0,2,238096,0,10,2,3,21,-0.443264871,Low
239360,Female,40,1,1,25,23,Left,1,0,1,3,239360,1,0,4,3,30,2.097963052,High
246574,Male,62,1,1,40,27,Left,10,0,0,3,246574,10,0,4,4,31,-0.92683771,Low
246736,Male,74,0,0,54,54,Right,0,1,1,2,246736,0,0,2,3,21,-1.457838902,Low
246778,Male,59,0,0,53,53,Left,0,0,0,2,246778,0,15,2,4,21,-1.581881591,Low
247393,Male,76,0,0,54,54,Right,0,0,0,2,247393,0,17,2,3,20,-1.092783317,Low
247486,Female,59,0,0,54,54,Left,0,1,0,2,247486,0,19,4,3,21,1.516618852,High
247544,Male,42,0,0,53,53,Left,0,0,0,2,247544,0,12,2,3,20,0.54038771,High
247763,Male,44,0,0,49,49,Left,4,0,0,3,247763,4,16,2,3,31,-0.181138716,Low
248122,Female,69,0,0,54,54,Left,1,0,0,3,248122,1,5,2,3,30,-0.217069013,Low
248426,Male,63,1,1,17,17,Left,1,0,0,3,248426,1,14,4,4,31,1.949333491,High
248566,Male,67,0,0,53,53,Left,1,0,0,3,248566,1,14,2,1,30,-0.170601033,Low
250560,Male,67,0,1,50,11,Left,0,1,1,2,250560,0,10,2,3,21,-0.584097719,Low
254754,Male,45,0,0,49,49,Left,5,0,0,3,254754,5,15,2,3,31,-0.411849642,Low
255062,Female,71,0,0,49,49,Right,0,1,0,2,255062,0,11,4,3,21,-0.033444218,Low
255548,Male,58,0,0,48,48,Left,0,0,0,2,255548,0,6,2,3,21,-2.468216945,Low
255638,Male,76,0,0,47,47,Left,1,0,0,3,255638,1,9,2,4,31,-0.617600563,Low
255980,Female,56,0,0,48,48,Left,1,0,0,3,255980,1,23,3,3,30,-1.16479237,Low
256043,Male,43,0,0,48,48,Right,1,1,0,3,256043,1,30,3,3,30,0.762848815,High
264986,Female,51,0,0,41,41,Left,2,1,0,3,264986,2,13,2,3,30,-0.844607115,Low
228050,Male,56,1,1,34,29,Left,0,0,0,2,228050,0,17,2,3,20,0.042997958,High
255499,Female,51,0,0,47,47,Right,0,0,0,2,255499,0,19,2,4,21,-0.813425656,Low
178264,Female,72,0,0,109,109,Right,4,0,0,3,178264,4,20,2,4,31,-0.476256573,Low
200125,Female,49,0,1,89,26,Left,6,1,1,3,200125,6,15,3,4,31,0.161022415,High
224374,Male,65,1,1,55,27,Left,2,0,0,3,224374,2,9,2,4,31,0.283192487,High
237316,Female,43,0,1,60,4,Left,1,0,0,3,237316,1,13,2,3,30,0.371953184,High
203263,Female,65,0,0,69,69,Left,4,0,0,3,203263,4,17,3,4,31,-1.018633043,Low
235708,Male,43,1,1,43,15,Right,1,1,0,3,235708,1,27,4,3,30,0.427020776,High
243512,Female,44,0,1,56,8,Left,5,0,0,3,243512,5,30,4,4,31,0.372143156,High
225704,Male,51,1,1,55,31,Left,3,0,0,3,225704,3,7,3,4,31,0.60917797,High
221119,Male,42,1,1,33,13,Right,5,0,1,3,221119,5,21,2,4,31,1.60161062,High
219197,Male,41,0,0,70,70,Left,7,0,0,3,219197,7,12,2,3,31,1.20598537,High
224615,Female,63,0,0,65,65,Left,0,0,0,2,224615,0,20,2,4,21,-0.970315194,Low
165040,Male,35,1,1,24,24,Right,1,0,0,3,165040,1,20,2,3,30,0.079113875,High
168671,Male,62,1,1,18,18,Left,9,1,1,3,168671,9,15,3,4,31,1.954989793,High
171331,Female,49,0,0,117,117,Left,11,0,1,3,171331,11,14,2,4,31,-0.301449395,Low
174370,Male,57,1,1,95,41,Left,0,1,0,2,174370,0,16,2,4,21,0.560464211,High
206072,Female,62,0,1,74,38,Left,6,1,1,3,206072,6,12,2,3,31,-0.556138011,Low
181145,Male,62,0,0,108,108,Left,4,1,0,3,181145,4,8,3,4,31,-0.357040409,Low
182533,Female,70,0,0,106,106,Left,1,0,0,3,182533,1,5,2,4,31,-0.339322307,Low
183255,Female,45,0,0,102,102,Left,1,0,0,3,183255,1,24,2,2,30,-0.376850183,Low
188507,Female,29,0,0,99,99,Left,0,0,0,2,188507,0,25,2,3,20,0.221576895,High
190076,Male,42,0,0,48,48,Left,0,0,0,2,190076,0,35,4,4,21,-0.426764626,Low
191261,Female,40,0,0,98,98,Right,1,0,0,3,191261,1,28,2,4,31,-0.169862708,Low
191795,Male,43,0,0,97,97,Left,1,1,0,3,191795,1,17,3,3,30,-1.057621099,Low
195443,Male,37,0,0,93,93,Left,4,0,0,3,195443,4,11,4,2,31,0.937960868,High
198541,Female,65,0,0,91,91,Left,4,0,0,3,198541,4,16,3,4,31,-2.312245441,Low
200448,Male,53,0,0,89,89,Left,1,1,0,3,200448,1,14,3,3,30,-0.306801704,Low
201119,Male,46,0,0,88,88,Right,1,1,1,3,201119,1,35,2,3,30,-0.257651059,Low
204675,Male,59,0,0,82,82,Right,3,1,0,3,204675,3,6,2,4,31,0.120188532,High
206349,Male,68,1,1,66,66,Left,0,1,1,2,206349,0,20,2,4,21,-0.359615732,Low
213522,Male,54,0,0,75,75,Left,3,1,0,3,213522,3,8,2,4,31,1.169956856,High
200240,Male,65,0,0,83,83,Left,0,0,0,2,200240,0,9,3,4,21,-0.46496543,Low
213969,Female,68,0,0,76,76,Right,2,0,0,3,213969,2,7,4,3,30,-0.240467548,Low
50084,Female,72,0,1,67,10,Right,0,0,0,2,50084,0,6,4,4,21,0.794543936,High
171398,Male,44,0,0,83,83,Left,0,0,0,3,171398,0,36,2,3,30,1.422774894,High
171530,Male,67,1,1,88,88,Right,6,0,0,3,171530,6,14,2,4,31,0.582471247,High
171894,Female,76,1,1,64,58,Left,0,0,1,3,171894,0,14,2,3,30,0.609512048,High
173368,Male,71,1,1,89,52,Left,0,0,0,2,173368,0,13,2,3,20,-0.206597015,Low
174220,Male,55,0,0,108,108,Left,1,0,0,3,174220,1,6,2,4,31,-0.916986099,Low
182396,Female,69,1,1,71,71,Left,0,0,0,3,182396,0,24,2,3,30,0.643404489,High
185372,Male,78,1,1,93,93,Right,0,0,0,3,185372,0,21,2,4,31,0.336956686,High
185904,Male,69,0,1,74,34,Left,0,1,0,3,185904,0,13,2,3,30,0.007138047,High
191115,Female,59,1,1,45,45,Left,2,0,1,3,191115,2,10,2,4,31,0.94132047,High
194995,Male,85,1,1,48,42,Left,1,1,0,3,194995,1,3,2,3,30,0.20964263,High
205620,Female,63,0,0,86,86,Left,0,0,0,2,205620,0,19,2,4,21,-1.362136384,Low
205819,Male,64,0,0,79,79,Left,0,0,0,2,205819,0,13,3,3,21,-0.213567656,Low
208364,Female,77,0,0,81,81,Right,0,0,0,2,208364,0,18,2,3,20,-1.039392581,Low
210416,Female,67,0,0,76,76,Left,0,0,0,2,210416,0,20,2,3,20,-0.714276427,Low
219182,Female,59,0,0,68,68,Left,0,0,0,2,219182,0,26,2,4,21,-0.999287781,Low
220352,Male,72,0,0,67,67,Right,1,0,0,3,220352,1,20,2,3,30,-0.072329668,Low
220373,Female,65,0,0,71,71,Right,0,1,0,2,220373,0,24,2,3,21,-0.005728955,High
223003,Female,56,0,0,69,69,Right,0,0,0,2,223003,0,18,2,4,21,0.904810349,High
224779,Male,67,0,0,69,69,Right,0,0,0,2,224779,0,15,2,4,21,-0.803747825,Low
224783,Male,61,0,1,65,37,Left,0,0,0,2,224783,0,14,2,4,21,-0.006725019,High
225189,Female,51,0,0,68,68,Right,0,0,0,2,225189,0,29,2,3,20,0.114007007,High
225826,Male,70,0,0,63,63,Left,1,0,0,3,225826,1,7,2,3,30,-1.112343263,Low
225970,Female,74,0,0,68,68,Right,0,0,0,2,225970,0,12,2,3,20,-0.924605085,Low
225989,Female,75,0,0,67,67,Right,0,0,0,2,225989,0,15,2,3,20,-0.479907408,Low
226327,Male,33,0,0,64,64,Right,0,0,0,2,226327,0,19,4,4,21,0.388409353,High
226407,Female,34,0,0,64,64,Right,0,0,0,2,226407,0,31,4,3,21,-1.020221179,Low
226948,Male,67,0,0,63,63,Left,0,1,0,2,226948,0,9,3,4,21,-1.492174275,Low
227285,Female,71,0,0,67,67,Right,0,0,0,2,227285,0,11,2,3,21,0.50925713,High
227350,Male,58,0,0,64,64,Left,0,0,0,1,227350,0,6,2,1,21,0.298727735,High
227358,Male,58,0,0,64,64,Right,0,0,0,2,227358,0,21,4,3,21,0.603810569,High
227707,Male,59,0,0,66,66,Left,0,0,0,2,227707,0,14,4,4,21,1.167268632,High
228566,Male,73,0,0,65,65,Right,0,0,0,2,228566,0,20,3,4,21,0.597284312,High
229109,Female,54,1,1,33,11,Left,0,1,1,2,229109,0,8,3,4,21,2.208917407,High
230644,Female,71,0,0,67,67,Right,0,0,0,2,230644,0,10,4,3,21,0.884390999,High
231230,Female,55,0,0,63,63,Left,0,0,0,2,231230,0,11,2,4,21,-1.559649851,Low
237023,Male,56,1,1,33,33,Left,1,0,0,3,237023,1,17,2,3,30,-0.2469039,Low
237418,Male,76,1,1,28,11,Left,1,0,0,3,237418,1,13,2,3,30,1.148463873,High
238368,Female,49,0,1,57,36,Left,0,0,1,1,238368,0,33,2,2,21,0.019271841,High
242489,Female,62,1,1,33,28,Left,5,0,1,3,242489,5,11,2,4,31,0.206521148,High
246855,Male,70,0,0,50,50,Left,0,0,0,2,246855,0,8,2,3,21,-0.519096365,Low
247046,Female,48,0,0,50,50,Left,0,1,0,2,247046,0,16,2,3,21,0.128105633,High
247869,Female,56,0,0,52,52,Right,0,0,0,2,247869,0,0,4,4,21,-2.168838519,Low
248014,Female,66,0,0,53,53,Left,0,0,0,2,248014,0,16,2,3,20,-1.336020294,Low
248094,Female,65,0,0,54,54,Left,0,0,0,2,248094,0,4,2,3,21,-0.183896071,Low
249596,Female,70,0,1,51,40,Left,0,0,0,2,249596,0,11,2,3,21,-0.03692125,Low
254592,Male,47,0,0,49,49,Right,2,0,0,3,254592,2,14,4,3,30,-0.329216933,Low
254619,Female,61,0,0,45,45,Left,0,0,0,2,254619,0,11,3,3,21,-0.188380471,Low
255680,Male,58,0,0,45,45,Left,0,0,0,2,255680,0,13,2,3,20,-0.294916231,Low
255824,Female,61,0,0,47,47,Left,0,0,0,2,255824,0,5,3,3,21,1.228703624,High
256074,Male,72,0,0,44,44,Left,0,0,0,2,256074,0,17,2,3,20,1.952080531,High
256286,Male,75,0,0,47,47,Left,0,0,0,2,256286,0,19,2,3,20,-0.669783046,Low
257777,Female,74,0,0,47,47,Right,0,0,1,2,257777,0,9,4,3,21,0.329169208,High
258552,Female,63,1,1,16,16,Right,4,1,1,3,258552,4,0,4,4,31,1.806971924,High
258852,Female,41,0,0,45,45,Left,0,0,0,2,258852,0,0,2,4,21,-0.187833462,Low
265471,Male,62,0,0,42,42,Left,0,0,0,2,265471,0,25,3,4,21,-1.691486616,Low